10,2
10,1
10,3
11,2
11,1
11,3
12,2
12,1
12,3
14,3
13,1
13,3
354,3
354,1
350,3
350,1
202,3
202,1
199,3
199,1
191,1434
191,864
191,863
191,862
191,861
191,860
191,859
191,858
191,857
191,856
191,855
191,854
191,853
191,852
191,851
191,850
191,849
191,848
191,847
191,846
191,845
191,844
191,843
191,842
191,841
191,840
191,839
191,838
191,837
191,836
191,835
191,834
191,833
191,832
191,831
191,830
191,829
191,828
191,827
191,826
191,825
191,824
191,823
191,822
191,821
191,820
191,819
191,818
191,817
191,816
191,815
191,814
191,813
191,812
191,811
191,810
191,809
191,808
191,807
191,806
191,805
191,804
191,803
191,802
191,801
191,800
191,799
191,798
191,797
191,796
191,795
191,794
191,793
191,792
191,791
191,790
191,789
191,788
191,787
191,786
191,785
191,703
191,702
191,701
191,700
191,699
191,698
191,1
20,3
20,2
20,1
19,3
19,2
19,1
18,3
18,1
14,1
